   26
   1   2   1500000.0    145.0
   1   5   1500000.0    701.0
   1   6   1500000.0   1021.0
   2   3   2000000.0    534.0
   2   7   1500000.0   1102.0
   2  11   2000000.0   1185.0
   3   4   1500000.0    347.0
   3   8   1500000.0    180.0
   4   9   1000000.0    120.0
   5  10   1500000.0    987.0
   6  10   1500000.0    700.0
   6  11   2000000.0    558.0
   7   8   1500000.0    330.0
   7  12   2000000.0    558.0
   8   9   1500000.0    300.0
  10  11   1500000.0    413.0
  11  12   1500000.0    451.0
  11  13   2000000.0    414.0
  12  14   2000000.0    225.0
  12  18   2000000.0   1185.0
  13  15   1500000.0    713.0
  13  17   1500000.0    308.0
  14  22   1500000.0    665.0
  14  24   1500000.0    318.0
  15  16   1000000.0    188.0
  15  18   1000000.0    205.0
  16  18   1000000.0    393.0
  17  18   1500000.0    306.0
  17  19   1000000.0    492.0
  17  21   1500000.0    401.0
  18  21   1000000.0    506.0
  19  20   1000000.0    180.0
  20  22   1500000.0    306.0
  21  22   1500000.0    238.0
  22  23   2200000.0    214.0
  23  25   1700000.0    701.0
  24  25   1500000.0    669.0
  24  26   1000000.0    460.0
  25  26   1000000.0    200.0
